## Results of Handcoding

coderA_1_20 <- c(
0,  # 1
1,  # 2
0,  # 3
1,  # 4
0,  # 5
0,  # 6
1,  # 7
0,  # 8
0,  # 9
0,  # 10
1,  # 11
0,  # 12
1,  # 13
0,  # 14
1,  # 15
0,  # 16
0,  # 17
0,  # 18
0,  # 19
1   # 20
)
coderA_21_60 <- c(
  0,  # 21
  0,  # 22
  0,  # 23
  0,  # 24
  1,  # 25
  0,  # 26
  0,  # 27
  0,  # 28
  0,  # 29
  0,  # 30
  0,  # 31
  0,  # 32
  1,  # 33
  1,  # 34
  1,  # 35
  0,  # 36
  1,  # 37
  0,  # 38
  0,  # 39
  0,  # 40
  0,  # 41
  0,  # 42
  1,  # 43
  0,  # 44
  1,  # 45
  0,  # 46
  0,  # 47
  0,  # 48
  1,  # 49
  1,  # 50
  0,  # 51
  0,  # 52
  0,  # 53
  0,  # 54
  1,  # 55
  0,  # 56
  0,  # 57
  1,  # 58
  0,  # 59
  0   # 60
)
coderA_61_120 <- c(
  0, #61
  0, #62
  0, #63
  0, #64
  1, #65
  0, #66
  0, #67
  0, #68
  0, #69
  0, #70
  1, #71
  0, #72
  0, #73
  0, #74
  0, #75
  0, #76
  0, #77
  0, #78
  0, #79
  0, #80
  1, #81
  0, #82
  0, #83
  0, #84
  1, #85
  0, #86
  0, #87
  0, #88
  0, #89
  0, #90
  0, #91
  0, #92
  0, #93
  0, #94
  0, #95
  0, #96
  0, #97
  0, #98
  0, #99
  0, #100
  0, #101
  0, #102
  1, #103
  1, #104
  0, #105
  0, #106
  1, #107
  0, #108
  0, #109
  1, #110
  0, #111
  1, #112
  0, #113
  0, #114
  0, #115
  0, #116
  0, #117
  0, #118
  0, #119
  0  #120
)
coderA_121_200 <- c(
  0, # 121
  0, #122
  1, #123
  0, #124
  0, #125
  1, #126
  0, #127
  0, #128
  1, #129
  0, #130
  0, #131
  0, #132
  0, #133
  0, #134
  0, #135
  1, #136
  0, #137
  0, #138
  0, #139
  0, #140
  1, #141
  1, #142
  0, #143
  0, #144
  1, #145
  1, #146
  0, #147
  0, #148
  1, #149
  0, #150
  0, #151
  0, #152
  0, #153
  1, #154
  1, #155
  0, #156
  0, #157
  0, #158
  0, #159
  1, #160
  0, #161
  0, #162
  1, #163
  0, #164
  0, #165
  0, #166
  0, #167
  0, #168
  1, #169
  0, #170
  0, #171
  0, #172
  0, #173
  0, #174
  1, #175
  1, #176
  0, #177
  1, #178
  1, #179
  1, #180
  1, #181
  1, #182
  1, #183
  0, #184
  0, #185
  1, #186
  0, #187
  0, #188
  0, #189
  0, #190
  0, #191
  1, #192
  0, #193
  0, #194
  0, #195
  1, #196
  0, #197
  0, #198
  0, #199
  1  #200
)

coderB_1_20 <- c(
  0,  # 1
  1,  # 2
  0,  # 3
  0,  # 4  (A had 1)
  0,  # 5
  0,  # 6
  1,  # 7
  0,  # 8
  0,  # 9
  0,  # 10
  0,  # 11 (A had 1)
  0,  # 12
  0,  # 13 (A had 1)
  0,  # 14
  0,  # 15 (A had 1)
  0,  # 16
  0,  # 17
  0,  # 18
  0,  # 19
  1   # 20
)

coderB_21_60 <- c(
  0,  # 21
  0,  # 22
  0,  # 23
  0,  # 24
  1,  # 25
  0,  # 26
  0,  # 27
  0,  # 28
  0,  # 29
  0,  # 30
  0,  # 31
  0,  # 32
  0,  # 33 (A had 1)
  1,  # 34
  0,  # 35 (A had 1)
  0,  # 36
  1,  # 37
  0,  # 38
  0,  # 39
  0,  # 40
  0,  # 41
  0,  # 42
  1,  # 43
  0,  # 44
  0,  # 45 (A had 1)
  0,  # 46
  0,  # 47
  0,  # 48
  1,  # 49
  0,  # 50 (A had 1)
  0,  # 51
  0,  # 52
  0,  # 53
  0,  # 54
  1,  # 55
  0,  # 56
  0,  # 57
  1,  # 58
  0,  # 59
  0   # 60
)

coderB_61_120 <- c(
  0, # 61
  0, # 62
  0, # 63
  0, # 64
  1, # 65
  0, # 66
  0, # 67
  0, # 68
  0, # 69
  0, # 70
  1, # 71
  0, # 72
  0, # 73
  0, # 74
  0, # 75
  0, # 76
  0, # 77
  0, # 78
  0, # 79
  0, # 80
  0, # 81 (A had 1)
  0, # 82
  0, # 83
  0, # 84
  1, # 85
  0, # 86
  0, # 87
  0, # 88
  0, # 89
  0, # 90
  0, # 91
  0, # 92
  0, # 93
  0, # 94
  0, # 95
  0, # 96
  0, # 97
  0, # 98
  0, # 99
  0, # 100
  0, # 101
  0, # 102
  1, # 103
  0, # 104 (A had 1)
  0, # 105
  0, # 106
  1, # 107
  0, # 108
  0, # 109
  1, # 110
  0, # 111
  1, # 112
  0, # 113
  0, # 114
  0, # 115
  0, # 116
  0, # 117
  0, # 118
  0, # 119
  0  # 120
)

coderB_121_200 <- c(
  0, # 121
  0, # 122
  1, # 123
  0, # 124
  0, # 125
  1, # 126
  0, # 127
  0, # 128
  0, # 129 (A had 1)
  0, # 130
  0, # 131
  0, # 132
  0, # 133
  0, # 134
  0, # 135
  1, # 136
  0, # 137
  0, # 138
  0, # 139
  0, # 140
  1, # 141
  0, # 142 (A had 1)
  0, # 143
  0, # 144
  1, # 145
  0, # 146 (A had 1)
  0, # 147
  0, # 148
  0, # 149 (A had 1)
  0, # 150
  0, # 151
  0, # 152
  0, # 153
  1, # 154
  0, # 155 (A had 1)
  0, # 156
  0, # 157
  0, # 158
  0, # 159
  1, # 160
  0, # 161
  0, # 162
  0, # 163 (A had 1)
  0, # 164
  0, # 165
  0, # 166
  0, # 167
  0, # 168
  1, # 169
  0, # 170
  1, # 171 (A had 0)
  0, # 172
  0, # 173
  0, # 174
  1, # 175
  0, # 176 (A had 1)
  0, # 177
  1, # 178
  0, # 179 (A had 1)
  1, # 180
  1, # 181
  0, # 182 (A had 1)
  1, # 183
  0, # 184
  0, # 185
  1, # 186
  0, # 187
  0, # 188
  0, # 189
  0, # 190
  0, # 191
  1, # 192
  0, # 193
  0, # 194
  0, # 195
  1, # 196
  0, # 197
  0, # 198
  0, # 199
  1  # 200
)
